[redshift]
temp-day=6500k
temp-night=3500k
fade=1
dawn-time=07:00
dusk-time=18:00
location-provider=manual

[manual]
lat=34.199910
lon=-118.889240

